0.056147
-0.014925
0.057669
0.180277
0.118329
0.059348
-0.171259
-0.013293
0.144899
0.145080
0.182030
-0.052279
-0.006038
0.016054
0.041595
0.036578
0.071745
0.103299
0.105268
0.254488
0.112326
-0.006687
-0.062156
-0.089880
0.116809
0.093357
-0.047178
-0.095972
0.175433
0.045386
0.020086
-0.109509
0.002302
-0.102159
0.033601
0.141740
0.055635
-0.073596
-0.091246
-0.060885
-0.008496
0.045615
0.010003
0.073151
0.111784
-0.197743
-0.164108
-0.012425
-0.116893
-0.032707
-0.081596
-0.040142
-0.156499
-0.021707
-0.052947
-0.158800
-0.089359
0.000336
0.141292
0.019474
0.165740
-0.014795
0.013880
0.100933
0.226167
0.190871
-0.004181
-0.081149
-0.168821
-0.230654
-0.177573
-0.114887
-0.189936
0.030222
-0.077503
0.056686
-0.056095
-0.112111
-0.103231
-0.036231
-0.150258
-0.160552
