156 2458871.1918455148 -0.039903 0.035602 0.002687 1 2
157 2458871.1919064904 -0.038926 0.033085 0.002458 1 2
158 2458871.1919674659 -0.037948 0.035655 0.002709 1 2
159 2458871.1920285085 -0.036969 0.039996 0.002311 1 2
160 2458871.1920894841 -0.035991 0.037802 0.002879 1 2
161 2458871.1921505262 -0.035012 0.035713 0.002741 1 2
162 2458871.1922115018 -0.034035 0.027547 0.002863 1 2
163 2458871.1922725439 -0.033056 0.033140 0.002864 1 2
164 2458871.1923335195 -0.032078 0.038741 0.002707 1 2
165 2458871.1923944955 -0.031100 0.038747 0.002658 1 2
166 2458871.1924555376 -0.030121 0.040055 0.002708 1 2
