187 2458871.1937356265 -0.009595 -0.002741 -0.002314 1 2
188 2458871.1937966021 -0.008617 0.001218 0.002258 1 2
189 2458871.1938566458 -0.007654 -0.002481 -0.002432 1 2
190 2458871.1939176219 -0.006677 0.002326 0.002476 1 2
191 2458871.1939785974 -0.005699 0.006155 0.002594 1 2
192 2458871.1940396396 -0.004720 0.003106 0.002375 1 2
193 2458871.1941006151 -0.003742 -0.001470 -0.002523 1 2
194 2458871.1941616572 -0.002764 -0.002095 -0.002740 1 2
195 2458871.1942226328 -0.001786 -0.001020 -0.003076 1 2
196 2458871.1942836754 -0.000807 0.000835 0.003002 1 2
197 2458871.1943446510 0.000171 0.002751 0.002966 1 2
